5.78e+01  5.78e+01
1.16e+02  5.78e+01
1.73e+02  5.78e+01
2.31e+02  5.78e+01
2.89e+02  5.78e+01
3.47e+02  5.78e+01
4.04e+02  5.78e+01
4.62e+02  5.78e+01
5.20e+02  5.78e+01
5.78e+02  5.78e+01
6.35e+02  5.78e+01
6.93e+02  5.78e+01
7.51e+02  5.78e+01
8.09e+02  5.78e+01
8.66e+02  5.78e+01
9.24e+02  5.78e+01
9.82e+02  5.78e+01
1.04e+03  5.78e+01
1.10e+03  5.78e+01
1.16e+03  5.78e+01
1.21e+03  5.78e+01
1.27e+03  5.78e+01
1.33e+03  5.78e+01
1.39e+03  5.78e+01
1.44e+03  5.78e+01
1.50e+03  5.78e+01
1.56e+03  5.78e+01
1.62e+03  5.78e+01
1.68e+03  5.78e+01
1.73e+03  5.78e+01
1.79e+03  5.78e+01
1.85e+03  5.78e+01
1.91e+03  5.78e+01
1.96e+03  5.78e+01
2.02e+03  5.78e+01
2.08e+03  5.78e+01
2.14e+03  5.78e+01
2.19e+03  5.78e+01
2.25e+03  5.78e+01
2.31e+03  5.78e+01
2.37e+03  5.78e+01
2.43e+03  5.78e+01
2.48e+03  5.78e+01
2.54e+03  5.78e+01
2.60e+03  5.78e+01
2.66e+03  5.78e+01
2.71e+03  5.78e+01
2.77e+03  5.78e+01
2.83e+03  5.78e+01
2.89e+03  5.78e+01
2.95e+03  5.78e+01
3.00e+03  5.78e+01
3.06e+03  5.78e+01
3.12e+03  5.78e+01
3.18e+03  5.78e+01
3.23e+03  5.78e+01
3.29e+03  5.78e+01
3.35e+03  5.78e+01
3.41e+03  5.78e+01
3.47e+03  5.78e+01
3.52e+03  5.78e+01
3.58e+03  5.78e+01
3.64e+03  5.78e+01
3.70e+03  5.78e+01
3.75e+03  5.78e+01
3.81e+03  5.78e+01
3.87e+03  5.78e+01
3.93e+03  5.78e+01
3.99e+03  5.78e+01
4.04e+03  5.78e+01
4.10e+03  5.78e+01
4.16e+03  5.78e+01
4.22e+03  5.78e+01
4.27e+03  5.78e+01
4.33e+03  5.78e+01
4.39e+03  5.78e+01
4.45e+03  5.78e+01
4.51e+03  5.78e+01
4.56e+03  5.78e+01
4.62e+03  5.78e+01
4.68e+03  5.78e+01
4.74e+03  5.78e+01
4.79e+03  5.78e+01
4.85e+03  5.78e+01
4.91e+03  5.78e+01
4.97e+03  5.78e+01
5.03e+03  5.78e+01
5.08e+03  5.78e+01
5.14e+03  5.78e+01
5.20e+03  5.78e+01
5.26e+03  5.78e+01
5.31e+03  5.78e+01
5.37e+03  5.78e+01
5.43e+03  5.78e+01
5.49e+03  5.78e+01
5.55e+03  5.78e+01
5.60e+03  5.78e+01
5.66e+03  5.78e+01
5.72e+03  5.78e+01
5.78e+03  5.78e+01
5.83e+03  5.78e+01
5.89e+03  5.78e+01
5.95e+03  5.78e+01
6.01e+03  5.78e+01
6.06e+03  5.78e+01
6.12e+03  5.78e+01
6.18e+03  5.78e+01
6.24e+03  5.78e+01
6.30e+03  5.78e+01
6.35e+03  5.78e+01
6.41e+03  5.78e+01
6.47e+03  5.78e+01
6.53e+03  5.78e+01
6.58e+03  5.78e+01
6.64e+03  5.78e+01
6.70e+03  5.78e+01
6.76e+03  5.78e+01
6.82e+03  5.78e+01
6.87e+03  5.78e+01
6.93e+03  5.78e+01
6.99e+03  5.78e+01
7.05e+03  5.78e+01
7.10e+03  5.78e+01
7.16e+03  5.78e+01
7.22e+03  5.78e+01
7.28e+03  5.78e+01
7.34e+03  5.78e+01
7.39e+03  5.78e+01
7.45e+03  5.78e+01
7.51e+03  5.78e+01
7.57e+03  5.78e+01
7.62e+03  5.78e+01
7.68e+03  5.78e+01
7.74e+03  5.78e+01
7.80e+03  5.78e+01
7.86e+03  5.78e+01
7.91e+03  5.78e+01
7.97e+03  5.78e+01
8.03e+03  5.78e+01
8.09e+03  5.78e+01
8.14e+03  5.78e+01
8.20e+03  5.78e+01
8.26e+03  5.78e+01
8.32e+03  5.78e+01
8.38e+03  5.78e+01
8.43e+03  5.78e+01
8.49e+03  5.78e+01
8.55e+03  5.78e+01
8.61e+03  5.78e+01
8.66e+03  5.78e+01
8.72e+03  5.78e+01
8.78e+03  5.78e+01
8.84e+03  5.78e+01
8.90e+03  5.78e+01
8.95e+03  5.78e+01
9.01e+03  5.78e+01
9.07e+03  5.78e+01
9.13e+03  5.78e+01
9.18e+03  5.78e+01
9.24e+03  5.78e+01
9.30e+03  5.78e+01
9.36e+03  5.78e+01
9.42e+03  5.78e+01
9.47e+03  5.78e+01
9.53e+03  5.78e+01
9.59e+03  5.78e+01
9.65e+03  5.78e+01
9.70e+03  5.78e+01
9.76e+03  5.78e+01
9.82e+03  5.78e+01
9.88e+03  5.78e+01
9.94e+03  5.78e+01
9.99e+03  5.78e+01
1.01e+04  5.78e+01
