-1.000000000e+00  5.000000000e-01 
-9.800000000e-01  4.820000000e-01 
-9.600000000e-01  4.640000000e-01 
-9.400000000e-01  4.460000000e-01 
-9.200000000e-01  4.280000000e-01 
-9.000000000e-01  4.100000000e-01 
-8.800000000e-01  3.920000000e-01 
-8.600000000e-01  3.740000000e-01 
-8.400000000e-01  3.560000000e-01 
-8.200000000e-01  3.380000000e-01 
-8.000000000e-01  3.200000000e-01 
-7.800000000e-01  3.020000000e-01 
-7.600000000e-01  2.840000000e-01 
-7.400000000e-01  2.660000000e-01 
-7.200000000e-01  2.480000000e-01 
-7.000000000e-01  2.300000000e-01 
-6.800000000e-01  2.120000000e-01 
-6.600000000e-01  1.940000000e-01 
-6.400000000e-01  1.760000000e-01 
-6.200000000e-01  1.580000000e-01 
-6.000000000e-01  1.400000000e-01 
-5.800000000e-01  1.220000000e-01 
-5.600000000e-01  1.040000000e-01 
-5.400000000e-01  8.600000000e-02 
-5.200000000e-01  6.800000000e-02 
-5.000000000e-01  5.000000000e-02 
-4.800000000e-01  3.200000000e-02 
-4.600000000e-01  1.400000000e-02 
-4.400000000e-01 -4.000000000e-03 
-4.200000000e-01 -2.172546754e-02 
-4.000000000e-01 -3.901572629e-02 
-3.800000000e-01 -5.580261763e-02 
-3.600000000e-01 -7.201314823e-02 
-3.400000000e-01 -8.757130493e-02 
-3.200000000e-01 -1.024006117e-01 
-3.000000000e-01 -1.164273856e-01 
-2.800000000e-01 -1.295845192e-01 
-2.600000000e-01 -1.418154750e-01 
-2.400000000e-01 -1.530780560e-01 
-2.200000000e-01 -1.633474636e-01 
-2.000000000e-01 -1.726181942e-01 
-1.800000000e-01 -1.809044773e-01 
-1.600000000e-01 -1.882391834e-01 
-1.400000000e-01 -1.946713748e-01 
-1.200000000e-01 -2.002628732e-01 
-1.000000000e-01 -2.050843244e-01 
-8.000000000e-02 -2.092112381e-01 
-6.000000000e-02 -2.127203937e-01 
-4.000000000e-02 -2.156868682e-01 
-2.000000000e-02 -2.181817989e-01 
 6.175615574e-16 -2.202708791e-01 
 2.000000000e-02 -2.220135043e-01 
 4.000000000e-02 -2.234624444e-01 
 6.000000000e-02 -2.246639093e-01 
 8.000000000e-02 -2.256578823e-01 
 1.000000000e-01 -2.264786185e-01 
 1.200000000e-01 -2.271552261e-01 
 1.400000000e-01 -2.277122733e-01 
 1.600000000e-01 -2.281703816e-01 
 1.800000000e-01 -2.285467803e-01 
 2.000000000e-01 -2.288558107e-01 
 2.200000000e-01 -2.291093731e-01 
 2.400000000e-01 -2.293173173e-01 
 2.600000000e-01 -2.294877790e-01 
 2.800000000e-01 -2.296274662e-01 
 3.000000000e-01 -2.297419026e-01 
 3.200000000e-01 -2.298356308e-01 
 3.400000000e-01 -2.299123836e-01 
 3.600000000e-01 -2.299752256e-01 
 3.800000000e-01 -2.300266714e-01 
 4.000000000e-01 -2.300687834e-01 
 4.200000000e-01 -2.301032520e-01 
 4.400000000e-01 -2.301314625e-01 
 4.600000000e-01 -2.301545498e-01 
 4.800000000e-01 -2.301734434e-01 
 5.000000000e-01 -2.301889045e-01 
 5.200000000e-01 -2.302015563e-01 
 5.400000000e-01 -2.302119089e-01 
 5.600000000e-01 -2.302203801e-01 
 5.800000000e-01 -2.302273116e-01 
 6.000000000e-01 -2.302329832e-01 
 6.200000000e-01 -2.302376238e-01 
 6.400000000e-01 -2.302414208e-01 
 6.600000000e-01 -2.302445276e-01 
 6.800000000e-01 -2.302470696e-01 
 7.000000000e-01 -2.302491494e-01 
 7.200000000e-01 -2.302508512e-01 
 7.400000000e-01 -2.302522435e-01 
 7.600000000e-01 -2.302533827e-01 
 7.800000000e-01 -2.302543148e-01 
 8.000000000e-01 -2.302550774e-01 
 8.200000000e-01 -2.302557014e-01 
 8.400000000e-01 -2.302562119e-01 
 8.600000000e-01 -2.302566296e-01 
 8.800000000e-01 -2.302569714e-01 
 9.000000000e-01 -2.302572510e-01 
 9.200000000e-01 -2.302574798e-01 
 9.400000000e-01 -2.302576670e-01 
 9.600000000e-01 -2.302578201e-01 
 9.800000000e-01 -2.302579454e-01 
 1.000000000e+00 -2.302580479e-01 
