-1.000000000e+00  3.600000143e-01 
-9.800000000e-01  3.600000143e-01 
-9.800000000e-01  3.600000143e-01 
-9.600000000e-01  3.600000143e-01 
-9.600000000e-01  3.600000143e-01 
-9.400000000e-01  3.600000143e-01 
-9.400000000e-01  3.600000143e-01 
-9.200000000e-01  3.600000143e-01 
-9.200000000e-01  3.600000143e-01 
-9.000000000e-01  3.600000143e-01 
-9.000000000e-01  3.600000143e-01 
-8.800000000e-01  3.600000143e-01 
-8.800000000e-01  3.600000143e-01 
-8.600000000e-01  3.600000143e-01 
-8.600000000e-01  3.600000143e-01 
-8.400000000e-01  3.600000143e-01 
-8.400000000e-01  3.600000143e-01 
-8.200000000e-01  3.600000143e-01 
-8.200000000e-01  3.600000143e-01 
-8.000000000e-01  3.600000143e-01 
-8.000000000e-01  3.600000143e-01 
-7.800000000e-01  3.600000143e-01 
-7.800000000e-01  3.600000143e-01 
-7.600000000e-01  3.600000143e-01 
-7.600000000e-01  3.600000143e-01 
-7.400000000e-01  3.600000143e-01 
-7.400000000e-01  3.600000143e-01 
-7.200000000e-01  3.600000143e-01 
-7.200000000e-01  3.600000143e-01 
-7.000000000e-01  3.600000143e-01 
-7.000000000e-01  3.600000143e-01 
-6.800000000e-01  3.600000143e-01 
-6.800000000e-01  3.600000143e-01 
-6.600000000e-01  3.600000143e-01 
-6.600000000e-01  3.600000143e-01 
-6.400000000e-01  3.600000143e-01 
-6.400000000e-01  3.600000143e-01 
-6.200000000e-01  3.600000143e-01 
-6.200000000e-01  3.600000143e-01 
-6.000000000e-01  3.600000143e-01 
-6.000000000e-01  3.600000143e-01 
-5.800000000e-01  3.600000143e-01 
-5.800000000e-01  3.600000143e-01 
-5.600000000e-01  3.600000143e-01 
-5.600000000e-01  3.600000143e-01 
-5.400000000e-01  3.600000143e-01 
-5.400000000e-01  3.600000143e-01 
-5.200000000e-01  3.600000143e-01 
-5.200000000e-01  3.600000143e-01 
-5.000000000e-01  3.600000143e-01 
-5.000000000e-01  3.600000143e-01 
-4.800000000e-01  3.600000143e-01 
-4.800000000e-01  3.600000143e-01 
-4.600000000e-01  3.600000143e-01 
-4.600000000e-01  3.600000143e-01 
-4.400000000e-01  3.600000143e-01 
-4.400000000e-01  3.237904885e-01 
-4.200000000e-01  3.237904885e-01 
-4.200000000e-01  2.814233659e-01 
-4.000000000e-01  2.814233659e-01 
-4.000000000e-01  2.467350561e-01 
-3.800000000e-01  2.467350561e-01 
-3.800000000e-01  2.183335192e-01 
-3.600000000e-01  2.183335192e-01 
-3.600000000e-01  1.950790619e-01 
-3.400000000e-01  1.950790619e-01 
-3.400000000e-01  1.760386044e-01 
-3.200000000e-01  1.760386044e-01 
-3.200000000e-01  1.604482357e-01 
-3.000000000e-01  1.604482357e-01 
-3.000000000e-01  1.476825571e-01 
-2.800000000e-01  1.476825571e-01 
-2.800000000e-01  1.372295795e-01 
-2.600000000e-01  1.372295795e-01 
-2.600000000e-01  1.286701668e-01 
-2.400000000e-01  1.286701668e-01 
-2.400000000e-01  1.216612014e-01 
-2.200000000e-01  1.216612014e-01 
-2.200000000e-01  1.159217960e-01 
-2.000000000e-01  1.159217960e-01 
-2.000000000e-01  1.112220008e-01 
-1.800000000e-01  1.112220008e-01 
-1.800000000e-01  1.073735566e-01 
-1.600000000e-01  1.073735566e-01 
-1.600000000e-01  1.042223229e-01 
-1.400000000e-01  1.042223229e-01 
-1.400000000e-01  1.016420825e-01 
-1.200000000e-01  1.016420825e-01 
-1.200000000e-01  9.952947138e-02 
-1.000000000e-01  9.952947138e-02 
-1.000000000e-01  9.779983278e-02 
-8.000000000e-02  9.779983278e-02 
-8.000000000e-02  9.638382585e-02 
-6.000000000e-02  9.638382585e-02 
-6.000000000e-02  9.522465202e-02 
-4.000000000e-02  9.522465202e-02 
-4.000000000e-02  9.427578583e-02 
-2.000000000e-02  9.427578583e-02 
-2.000000000e-02  9.349911756e-02 
 6.175615574e-16  9.349911756e-02 
 6.175615574e-16  9.286343262e-02 
 2.000000000e-02  9.286343262e-02 
 2.000000000e-02  9.234316585e-02 
 4.000000000e-02  9.234316585e-02 
 4.000000000e-02  9.191738088e-02 
 6.000000000e-02  9.191738088e-02 
 6.000000000e-02  9.156893371e-02 
 8.000000000e-02  9.156893371e-02 
 8.000000000e-02  9.128378712e-02 
 1.000000000e-01  9.128378712e-02 
 1.000000000e-01  9.105044875e-02 
 1.200000000e-01  9.105044875e-02 
 1.200000000e-01  9.085951054e-02 
 1.400000000e-01  9.085951054e-02 
 1.400000000e-01  9.070327138e-02 
 1.600000000e-01  9.070327138e-02 
 1.600000000e-01  9.057542780e-02 
 1.800000000e-01  9.057542780e-02 
 1.800000000e-01  9.047082072e-02 
 2.000000000e-01  9.047082072e-02 
 2.000000000e-01  9.038522783e-02 
 2.200000000e-01  9.038522783e-02 
 2.200000000e-01  9.031519374e-02 
 2.400000000e-01  9.031519374e-02 
 2.400000000e-01  9.025789072e-02 
 2.600000000e-01  9.025789072e-02 
 2.600000000e-01  9.021100483e-02 
 2.800000000e-01  9.021100483e-02 
 2.800000000e-01  9.017264256e-02 
 3.000000000e-01  9.017264256e-02 
 3.000000000e-01  9.014125453e-02 
 3.200000000e-01  9.014125453e-02 
 3.200000000e-01  9.011557292e-02 
 3.400000000e-01  9.011557292e-02 
 3.400000000e-01  9.009456037e-02 
 3.600000000e-01  9.009456037e-02 
 3.600000000e-01  9.007736806e-02 
 3.800000000e-01  9.007736806e-02 
 3.800000000e-01  9.006330148e-02 
 4.000000000e-01  9.006330148e-02 
 4.000000000e-01  9.005179236e-02 
 4.200000000e-01  9.005179236e-02 
 4.200000000e-01  9.004237574e-02 
 4.400000000e-01  9.004237574e-02 
 4.400000000e-01  9.003467119e-02 
 4.600000000e-01  9.003467119e-02 
 4.600000000e-01  9.002836744e-02 
 4.800000000e-01  9.002836744e-02 
 4.800000000e-01  9.002320980e-02 
 5.000000000e-01  9.002320980e-02 
 5.000000000e-01  9.001898991e-02 
 5.200000000e-01  9.001898991e-02 
 5.200000000e-01  9.001553726e-02 
 5.400000000e-01  9.001553726e-02 
 5.400000000e-01  9.001271235e-02 
 5.600000000e-01  9.001271235e-02 
 5.600000000e-01  9.001040106e-02 
 5.800000000e-01  9.001040106e-02 
 5.800000000e-01  9.000851001e-02 
 6.000000000e-01  9.000851001e-02 
 6.000000000e-01  9.000696278e-02 
 6.200000000e-01  9.000696278e-02 
 6.200000000e-01  9.000569686e-02 
 6.400000000e-01  9.000569686e-02 
 6.400000000e-01  9.000466111e-02 
 6.600000000e-01  9.000466111e-02 
 6.600000000e-01  9.000381368e-02 
 6.800000000e-01  9.000381368e-02 
 6.800000000e-01  9.000312032e-02 
 7.000000000e-01  9.000312032e-02 
 7.000000000e-01  9.000255303e-02 
 7.200000000e-01  9.000255303e-02 
 7.200000000e-01  9.000208889e-02 
 7.400000000e-01  9.000208889e-02 
 7.400000000e-01  9.000170913e-02 
 7.600000000e-01  9.000170913e-02 
 7.600000000e-01  9.000139842e-02 
 7.800000000e-01  9.000139842e-02 
 7.800000000e-01  9.000114420e-02 
 8.000000000e-01  9.000114420e-02 
 8.000000000e-01  9.000093621e-02 
 8.200000000e-01  9.000093621e-02 
 8.200000000e-01  9.000076603e-02 
 8.400000000e-01  9.000076603e-02 
 8.400000000e-01  9.000062679e-02 
 8.600000000e-01  9.000062679e-02 
 8.600000000e-01  9.000051287e-02 
 8.800000000e-01  9.000051287e-02 
 8.800000000e-01  9.000041966e-02 
 9.000000000e-01  9.000041966e-02 
 9.000000000e-01  9.000034340e-02 
 9.200000000e-01  9.000034340e-02 
 9.200000000e-01  9.000028100e-02 
 9.400000000e-01  9.000028100e-02 
 9.400000000e-01  9.000022995e-02 
 9.600000000e-01  9.000022995e-02 
 9.600000000e-01  9.000018818e-02 
 9.800000000e-01  9.000018818e-02 
 9.800000000e-01  9.000015401e-02 
 1.000000000e+00  9.000015401e-02 
