-1.000000000e+00 -2.769999981e-07 
-9.800000000e-01 -2.769999981e-07 
-9.600000000e-01 -2.769999981e-07 
-9.400000000e-01 -2.769999981e-07 
-9.200000000e-01 -2.769999981e-07 
-9.000000000e-01 -2.769999981e-07 
-8.800000000e-01 -2.769999981e-07 
-8.600000000e-01 -2.769999981e-07 
-8.400000000e-01 -2.769999981e-07 
-8.200000000e-01 -2.769999981e-07 
-8.000000000e-01 -2.769999981e-07 
-7.800000000e-01 -2.769999981e-07 
-7.600000000e-01 -2.769999981e-07 
-7.400000000e-01 -2.769999981e-07 
-7.200000000e-01 -2.769999981e-07 
-7.000000000e-01 -2.769999981e-07 
-6.800000000e-01 -2.769999981e-07 
-6.600000000e-01 -2.769999981e-07 
-6.400000000e-01 -2.769999981e-07 
-6.200000000e-01 -2.769999981e-07 
-6.000000000e-01 -2.769999981e-07 
-5.800000000e-01 -2.769999981e-07 
-5.600000000e-01 -2.769999981e-07 
-5.400000000e-01 -2.769999981e-07 
-5.200000000e-01 -2.769999981e-07 
-5.000000000e-01 -2.769999981e-07 
-4.800000000e-01 -2.769999981e-07 
-4.600000000e-01 -2.769999981e-07 
-4.400000000e-01 -2.769999981e-07 
-4.200000000e-01 -2.769999981e-07 
-4.000000000e-01 -2.769999981e-07 
-3.800000000e-01 -2.769999981e-07 
-3.600000000e-01 -2.769999981e-07 
-3.400000000e-01 -2.769999981e-07 
-3.200000000e-01 -2.769999981e-07 
-3.000000000e-01 -2.769999981e-07 
-2.800000000e-01 -2.769999981e-07 
-2.600000000e-01 -2.769999981e-07 
-2.400000000e-01 -2.769999981e-07 
-2.200000000e-01 -2.769999981e-07 
-2.000000000e-01 -2.769999981e-07 
-1.800000000e-01 -2.769999981e-07 
-1.600000000e-01 -2.769999981e-07 
-1.400000000e-01 -2.769999981e-07 
-1.200000000e-01 -2.769999981e-07 
-1.000000000e-01 -2.769999981e-07 
-8.000000000e-02 -2.769999981e-07 
-6.000000000e-02 -2.769999981e-07 
-4.000000000e-02 -2.769999981e-07 
-2.000000000e-02 -2.769999981e-07 
 6.175615574e-16 -2.769999981e-07 
 2.000000000e-02 -2.769999980e-07 
 4.000000000e-02 -2.769999980e-07 
 6.000000000e-02 -2.769999979e-07 
 8.000000000e-02 -2.769999979e-07 
 1.000000000e-01 -2.769999978e-07 
 1.200000000e-01 -2.769999977e-07 
 1.400000000e-01 -2.769999981e-07 
 1.600000000e-01 -2.769999981e-07 
 1.800000000e-01 -2.769999981e-07 
 2.000000000e-01 -2.769999980e-07 
 2.200000000e-01 -2.769999981e-07 
 2.400000000e-01 -2.769999981e-07 
 2.600000000e-01 -2.769999981e-07 
 2.800000000e-01 -2.769999981e-07 
 3.000000000e-01 -2.769999981e-07 
 3.200000000e-01 -2.769999981e-07 
 3.400000000e-01 -2.769999981e-07 
 3.600000000e-01 -2.769999981e-07 
 3.800000000e-01 -2.769999981e-07 
 4.000000000e-01 -2.769999981e-07 
 4.200000000e-01 -2.769999981e-07 
 4.400000000e-01 -2.769999981e-07 
 4.600000000e-01 -2.769999981e-07 
 4.800000000e-01 -2.769999981e-07 
 5.000000000e-01 -2.769999981e-07 
 5.200000000e-01 -2.769999981e-07 
 5.400000000e-01 -2.769999981e-07 
 5.600000000e-01 -2.769999981e-07 
 5.800000000e-01 -2.769999981e-07 
 6.000000000e-01 -2.769999981e-07 
 6.200000000e-01 -2.769999981e-07 
 6.400000000e-01 -2.769999981e-07 
 6.600000000e-01 -2.769999981e-07 
 6.800000000e-01 -2.769999981e-07 
 7.000000000e-01 -2.769999981e-07 
 7.200000000e-01 -2.769999981e-07 
 7.400000000e-01 -2.769999981e-07 
 7.600000000e-01 -2.769999981e-07 
 7.800000000e-01 -2.769999981e-07 
 8.000000000e-01 -2.769999981e-07 
 8.200000000e-01 -2.769999981e-07 
 8.400000000e-01 -2.769999981e-07 
 8.600000000e-01 -2.769999981e-07 
 8.800000000e-01 -2.769999981e-07 
 9.000000000e-01 -2.769999981e-07 
 9.200000000e-01 -2.769999981e-07 
 9.400000000e-01 -2.769999981e-07 
 9.600000000e-01 -2.769999981e-07 
 9.800000000e-01 -2.769999981e-07 
 1.000000000e+00 -2.769999981e-07 
