-1.000000000e+00  3.600000143e-01 
-9.800000000e-01  3.600000143e-01 
-9.800000000e-01  3.600000143e-01 
-9.600000000e-01  3.600000143e-01 
-9.600000000e-01  3.600000143e-01 
-9.400000000e-01  3.600000143e-01 
-9.400000000e-01  3.600000143e-01 
-9.200000000e-01  3.600000143e-01 
-9.200000000e-01  3.600000143e-01 
-9.000000000e-01  3.600000143e-01 
-9.000000000e-01  3.600000143e-01 
-8.800000000e-01  3.600000143e-01 
-8.800000000e-01  3.600000143e-01 
-8.600000000e-01  3.600000143e-01 
-8.600000000e-01  3.600000143e-01 
-8.400000000e-01  3.600000143e-01 
-8.400000000e-01  3.600000143e-01 
-8.200000000e-01  3.600000143e-01 
-8.200000000e-01  3.600000143e-01 
-8.000000000e-01  3.600000143e-01 
-8.000000000e-01  3.600000143e-01 
-7.800000000e-01  3.600000143e-01 
-7.800000000e-01  3.600000143e-01 
-7.600000000e-01  3.600000143e-01 
-7.600000000e-01  3.600000143e-01 
-7.400000000e-01  3.600000143e-01 
-7.400000000e-01  3.600000143e-01 
-7.200000000e-01  3.600000143e-01 
-7.200000000e-01  3.600000143e-01 
-7.000000000e-01  3.600000143e-01 
-7.000000000e-01  3.600000143e-01 
-6.800000000e-01  3.600000143e-01 
-6.800000000e-01  3.600000143e-01 
-6.600000000e-01  3.600000143e-01 
-6.600000000e-01  3.600000143e-01 
-6.400000000e-01  3.600000143e-01 
-6.400000000e-01  3.600000143e-01 
-6.200000000e-01  3.600000143e-01 
-6.200000000e-01  3.600000143e-01 
-6.000000000e-01  3.600000143e-01 
-6.000000000e-01  3.600000143e-01 
-5.800000000e-01  3.600000143e-01 
-5.800000000e-01  3.600000143e-01 
-5.600000000e-01  3.600000143e-01 
-5.600000000e-01  3.600000143e-01 
-5.400000000e-01  3.600000143e-01 
-5.400000000e-01  3.600000143e-01 
-5.200000000e-01  3.600000143e-01 
-5.200000000e-01  3.600000143e-01 
-5.000000000e-01  3.600000143e-01 
-5.000000000e-01  3.600000143e-01 
-4.800000000e-01  3.600000143e-01 
-4.800000000e-01  3.600000143e-01 
-4.600000000e-01  3.600000143e-01 
-4.600000000e-01  3.600000143e-01 
-4.400000000e-01  3.600000143e-01 
-4.400000000e-01  3.237904875e-01 
-4.200000000e-01  3.237904875e-01 
-4.200000000e-01  2.814233650e-01 
-4.000000000e-01  2.814233650e-01 
-4.000000000e-01  2.467350553e-01 
-3.800000000e-01  2.467350553e-01 
-3.800000000e-01  2.183335185e-01 
-3.600000000e-01  2.183335185e-01 
-3.600000000e-01  1.950790614e-01 
-3.400000000e-01  1.950790614e-01 
-3.400000000e-01  1.760386038e-01 
-3.200000000e-01  1.760386038e-01 
-3.200000000e-01  1.604482352e-01 
-3.000000000e-01  1.604482352e-01 
-3.000000000e-01  1.476825567e-01 
-2.800000000e-01  1.476825567e-01 
-2.800000000e-01  1.372295792e-01 
-2.600000000e-01  1.372295792e-01 
-2.600000000e-01  1.286701665e-01 
-2.400000000e-01  1.286701665e-01 
-2.400000000e-01  1.216612011e-01 
-2.200000000e-01  1.216612011e-01 
-2.200000000e-01  1.159217957e-01 
-2.000000000e-01  1.159217957e-01 
-2.000000000e-01  1.112220005e-01 
-1.800000000e-01  1.112220005e-01 
-1.800000000e-01  1.073735563e-01 
-1.600000000e-01  1.073735563e-01 
-1.600000000e-01  1.042223227e-01 
-1.400000000e-01  1.042223227e-01 
-1.400000000e-01  1.016420822e-01 
-1.200000000e-01  1.016420822e-01 
-1.200000000e-01  9.952947113e-02 
-1.000000000e-01  9.952947113e-02 
-1.000000000e-01  9.779983254e-02 
-8.000000000e-02  9.779983254e-02 
-8.000000000e-02  9.638382561e-02 
-6.000000000e-02  9.638382561e-02 
-6.000000000e-02  9.522465179e-02 
-4.000000000e-02  9.522465179e-02 
-4.000000000e-02  9.427578560e-02 
-2.000000000e-02  9.427578560e-02 
-2.000000000e-02  9.349911734e-02 
 6.175615574e-16  9.349911734e-02 
 6.175615574e-16  9.000228872e-02 
 2.000000000e-02  9.000228872e-02 
 2.000000000e-02  8.457470833e-02 
 4.000000000e-02  8.457470833e-02 
 4.000000000e-02  8.013098131e-02 
 6.000000000e-02  8.013098131e-02 
 6.000000000e-02  7.649276527e-02 
 8.000000000e-02  7.649276527e-02 
 8.000000000e-02  7.351404583e-02 
 1.000000000e-01  7.351404583e-02 
 1.000000000e-01  7.107527653e-02 
 1.200000000e-01  7.107527653e-02 
 1.200000000e-01  6.907858098e-02 
 1.400000000e-01  6.907858098e-02 
 1.400000000e-01  6.744382479e-02 
 1.600000000e-01  6.744382479e-02 
 1.600000000e-01  6.610539945e-02 
 1.800000000e-01  6.610539945e-02 
 1.800000000e-01  6.500958926e-02 
 2.000000000e-01  6.500958926e-02 
 2.000000000e-01  6.411241550e-02 
 2.200000000e-01  6.411241550e-02 
 2.200000000e-01  6.337787144e-02 
 2.400000000e-01  6.337787144e-02 
 2.400000000e-01  6.277647725e-02 
 2.600000000e-01  6.277647725e-02 
 2.600000000e-01  6.228409689e-02 
 2.800000000e-01  6.228409689e-02 
 2.800000000e-01  6.188096941e-02 
 3.000000000e-01  6.188096941e-02 
 3.000000000e-01  6.155091590e-02 
 3.200000000e-01  6.155091590e-02 
 3.200000000e-01  6.128069016e-02 
 3.400000000e-01  6.128069016e-02 
 3.400000000e-01  6.105944713e-02 
 3.600000000e-01  6.105944713e-02 
 3.600000000e-01  6.087830758e-02 
 3.800000000e-01  6.087830758e-02 
 3.800000000e-01  6.073000179e-02 
 4.000000000e-01  6.073000179e-02 
 4.000000000e-01  6.060857782e-02 
 4.200000000e-01  6.060857782e-02 
 4.200000000e-01  6.050916260e-02 
 4.400000000e-01  6.050916260e-02 
 4.400000000e-01  6.042776640e-02 
 4.600000000e-01  6.042776640e-02 
 4.600000000e-01  6.036112269e-02 
 4.800000000e-01  6.036112269e-02 
 4.800000000e-01  6.030655710e-02 
 5.000000000e-01  6.030655710e-02 
 5.000000000e-01  6.026188004e-02 
 5.200000000e-01  6.026188004e-02 
 5.200000000e-01  6.022529890e-02 
 5.400000000e-01  6.022529890e-02 
 5.400000000e-01  6.019534607e-02 
 5.600000000e-01  6.019534607e-02 
 5.600000000e-01  6.017082005e-02 
 5.800000000e-01  6.017082005e-02 
 5.800000000e-01  6.015073721e-02 
 6.000000000e-01  6.015073721e-02 
 6.000000000e-01  6.013429235e-02 
 6.200000000e-01  6.013429235e-02 
 6.200000000e-01  6.012082627e-02 
 6.400000000e-01  6.012082627e-02 
 6.400000000e-01  6.010979935e-02 
 6.600000000e-01  6.010979935e-02 
 6.600000000e-01  6.010076981e-02 
 6.800000000e-01  6.010076981e-02 
 6.800000000e-01  6.009337598e-02 
 7.000000000e-01  6.009337598e-02 
 7.000000000e-01  6.008732169e-02 
 7.200000000e-01  6.008732169e-02 
 7.200000000e-01  6.008236447e-02 
 7.400000000e-01  6.008236447e-02 
 7.400000000e-01  6.007830571e-02 
 7.600000000e-01  6.007830571e-02 
 7.600000000e-01  6.007498276e-02 
 7.800000000e-01  6.007498276e-02 
 7.800000000e-01  6.007226238e-02 
 8.000000000e-01  6.007226238e-02 
 8.000000000e-01  6.007003545e-02 
 8.200000000e-01  6.007003545e-02 
 8.200000000e-01  6.006821258e-02 
 8.400000000e-01  6.006821258e-02 
 8.400000000e-01  6.006672053e-02 
 8.600000000e-01  6.006672053e-02 
 8.600000000e-01  6.006549933e-02 
 8.800000000e-01  6.006549933e-02 
 8.800000000e-01  6.006449987e-02 
 9.000000000e-01  6.006449987e-02 
 9.000000000e-01  6.006368192e-02 
 9.200000000e-01  6.006368192e-02 
 9.200000000e-01  6.006301255e-02 
 9.400000000e-01  6.006301255e-02 
 9.400000000e-01  6.006246478e-02 
 9.600000000e-01  6.006246478e-02 
 9.600000000e-01  6.006201654e-02 
 9.800000000e-01  6.006201654e-02 
 9.800000000e-01  6.006164975e-02 
 1.000000000e+00  6.006164975e-02 
