-1.000000000e+00  5.000000000e-01 
-9.800000000e-01  4.820000000e-01 
-9.600000000e-01  4.640000000e-01 
-9.400000000e-01  4.460000000e-01 
-9.200000000e-01  4.279999999e-01 
-9.000000000e-01  4.099999999e-01 
-8.800000000e-01  3.919999999e-01 
-8.600000000e-01  3.739999999e-01 
-8.400000000e-01  3.559999999e-01 
-8.200000000e-01  3.379999999e-01 
-8.000000000e-01  3.199999999e-01 
-7.800000000e-01  3.019999998e-01 
-7.600000000e-01  2.839999998e-01 
-7.400000000e-01  2.659999998e-01 
-7.200000000e-01  2.479999998e-01 
-7.000000000e-01  2.299999998e-01 
-6.800000000e-01  2.119999998e-01 
-6.600000000e-01  1.939999998e-01 
-6.400000000e-01  1.759999997e-01 
-6.200000000e-01  1.579999997e-01 
-6.000000000e-01  1.399999997e-01 
-5.800000000e-01  1.219999997e-01 
-5.600000000e-01  1.039999997e-01 
-5.400000000e-01  8.599999968e-02 
-5.200000000e-01  6.799999966e-02 
-5.000000000e-01  4.999999965e-02 
-4.800000000e-01  3.199999963e-02 
-4.600000000e-01  1.399999962e-02 
-4.400000000e-01 -4.000000394e-03 
-4.200000000e-01 -2.172546794e-02 
-4.000000000e-01 -3.901572670e-02 
-3.800000000e-01 -5.580261805e-02 
-3.600000000e-01 -7.201314866e-02 
-3.400000000e-01 -8.757130537e-02 
-3.200000000e-01 -1.024006122e-01 
-3.000000000e-01 -1.164273861e-01 
-2.800000000e-01 -1.295845197e-01 
-2.600000000e-01 -1.418154755e-01 
-2.400000000e-01 -1.530780565e-01 
-2.200000000e-01 -1.633474641e-01 
-2.000000000e-01 -1.726181947e-01 
-1.800000000e-01 -1.809044778e-01 
-1.600000000e-01 -1.882391840e-01 
-1.400000000e-01 -1.946713754e-01 
-1.200000000e-01 -2.002628739e-01 
-1.000000000e-01 -2.050843251e-01 
-8.000000000e-02 -2.092112387e-01 
-6.000000000e-02 -2.127203944e-01 
-4.000000000e-02 -2.156868689e-01 
-2.000000000e-02 -2.181817995e-01 
 6.175615574e-16 -2.202708798e-01 
 2.000000000e-02 -2.402308828e-01 
 4.000000000e-02 -2.601820521e-01 
 6.000000000e-02 -2.801224425e-01 
 8.000000000e-02 -3.000496833e-01 
 1.000000000e-01 -3.199608868e-01 
 1.200000000e-01 -3.398525374e-01 
 1.400000000e-01 -3.597203582e-01 
 1.600000000e-01 -3.795591507e-01 
 1.800000000e-01 -3.993626034e-01 
 2.000000000e-01 -4.191230629e-01 
 2.200000000e-01 -4.388312637e-01 
 2.400000000e-01 -4.584760105e-01 
 2.600000000e-01 -4.780438083e-01 
 2.800000000e-01 -4.975184369e-01 
 3.000000000e-01 -5.168804684e-01 
 3.200000000e-01 -5.361067327e-01 
 3.400000000e-01 -5.551697388e-01 
 3.600000000e-01 -5.740370740e-01 
 3.800000000e-01 -5.926708120e-01 
 4.000000000e-01 -6.110269834e-01 
 4.200000000e-01 -6.290551774e-01 
 4.400000000e-01 -6.466983725e-01 
 4.600000000e-01 -6.638931118e-01 
 4.800000000e-01 -6.805701536e-01 
 5.000000000e-01 -6.966557284e-01 
 5.200000000e-01 -7.120735010e-01 
 5.400000000e-01 -7.267472748e-01 
 5.600000000e-01 -7.406043726e-01 
 5.800000000e-01 -7.535794907e-01 
 6.000000000e-01 -7.656186870e-01 
 6.200000000e-01 -7.766830473e-01 
 6.400000000e-01 -7.867515423e-01 
 6.600000000e-01 -7.958226491e-01 
 6.800000000e-01 -8.039144792e-01 
 7.000000000e-01 -8.110633918e-01 
 7.200000000e-01 -8.173213126e-01 
 7.400000000e-01 -8.227521603e-01 
 7.600000000e-01 -8.274278692e-01 
 7.800000000e-01 -8.314244756e-01 
 8.000000000e-01 -8.348186327e-01 
 8.200000000e-01 -8.376847809e-01 
 8.400000000e-01 -8.400930618e-01 
 8.600000000e-01 -8.421079526e-01 
 8.800000000e-01 -8.437875290e-01 
 9.000000000e-01 -8.451832268e-01 
 9.200000000e-01 -8.463399710e-01 
 9.400000000e-01 -8.472965502e-01 
 9.600000000e-01 -8.480861365e-01 
 9.800000000e-01 -8.487368772e-01 
 1.000000000e+00 -8.492725004e-01 
