-1.000000000e+00  3.600000143e-01 
-9.800000000e-01  3.600000143e-01 
-9.800000000e-01  3.600000143e-01 
-9.600000000e-01  3.600000143e-01 
-9.600000000e-01  3.600000143e-01 
-9.400000000e-01  3.600000143e-01 
-9.400000000e-01  3.600000143e-01 
-9.200000000e-01  3.600000143e-01 
-9.200000000e-01  3.600000143e-01 
-9.000000000e-01  3.600000143e-01 
-9.000000000e-01  3.600000143e-01 
-8.800000000e-01  3.600000143e-01 
-8.800000000e-01  3.600000143e-01 
-8.600000000e-01  3.600000143e-01 
-8.600000000e-01  3.600000143e-01 
-8.400000000e-01  3.600000143e-01 
-8.400000000e-01  3.600000143e-01 
-8.200000000e-01  3.600000143e-01 
-8.200000000e-01  3.600000143e-01 
-8.000000000e-01  3.600000143e-01 
-8.000000000e-01  3.600000143e-01 
-7.800000000e-01  3.600000143e-01 
-7.800000000e-01  3.600000143e-01 
-7.600000000e-01  3.600000143e-01 
-7.600000000e-01  3.600000143e-01 
-7.400000000e-01  3.600000143e-01 
-7.400000000e-01  3.600000143e-01 
-7.200000000e-01  3.600000143e-01 
-7.200000000e-01  3.600000143e-01 
-7.000000000e-01  3.600000143e-01 
-7.000000000e-01  3.600000143e-01 
-6.800000000e-01  3.600000143e-01 
-6.800000000e-01  3.600000143e-01 
-6.600000000e-01  3.600000143e-01 
-6.600000000e-01  3.600000143e-01 
-6.400000000e-01  3.600000143e-01 
-6.400000000e-01  3.600000143e-01 
-6.200000000e-01  3.600000143e-01 
-6.200000000e-01  3.600000143e-01 
-6.000000000e-01  3.600000143e-01 
-6.000000000e-01  3.600000143e-01 
-5.800000000e-01  3.600000143e-01 
-5.800000000e-01  3.600000143e-01 
-5.600000000e-01  3.600000143e-01 
-5.600000000e-01  3.600000143e-01 
-5.400000000e-01  3.600000143e-01 
-5.400000000e-01  3.600000143e-01 
-5.200000000e-01  3.600000143e-01 
-5.200000000e-01  3.600000143e-01 
-5.000000000e-01  3.600000143e-01 
-5.000000000e-01  3.600000143e-01 
-4.800000000e-01  3.600000143e-01 
-4.800000000e-01  3.600000143e-01 
-4.600000000e-01  3.600000143e-01 
-4.600000000e-01  3.600000143e-01 
-4.400000000e-01  3.600000143e-01 
-4.400000000e-01  3.242044649e-01 
-4.200000000e-01  3.242044649e-01 
-4.200000000e-01  2.818906137e-01 
-4.000000000e-01  2.818906137e-01 
-4.000000000e-01  2.473658115e-01 
-3.800000000e-01  2.473658115e-01 
-3.800000000e-01  2.192458518e-01 
-3.600000000e-01  2.192458518e-01 
-3.600000000e-01  1.964169435e-01 
-3.400000000e-01  1.964169435e-01 
-3.400000000e-01  1.779869333e-01 
-3.200000000e-01  1.779869333e-01 
-3.200000000e-01  1.632465003e-01 
-3.000000000e-01  1.632465003e-01 
-3.000000000e-01  1.516377321e-01 
-2.800000000e-01  1.516377321e-01 
-2.800000000e-01  1.427281419e-01 
-2.600000000e-01  1.427281419e-01 
-2.600000000e-01  1.361886552e-01 
-2.400000000e-01  1.361886552e-01 
-2.400000000e-01  1.317744400e-01 
-2.200000000e-01  1.317744400e-01 
-2.200000000e-01  1.293077040e-01 
-2.000000000e-01  1.293077040e-01 
-2.000000000e-01  1.286617370e-01 
-1.800000000e-01  1.286617370e-01 
-1.800000000e-01  1.297456389e-01 
-1.600000000e-01  1.297456389e-01 
-1.600000000e-01  1.324894625e-01 
-1.400000000e-01  1.324894625e-01 
-1.400000000e-01  1.368299433e-01 
-1.200000000e-01  1.368299433e-01 
-1.200000000e-01  1.426974408e-01 
-1.000000000e-01  1.426974408e-01 
-1.000000000e-01  1.500049527e-01 
-8.000000000e-02  1.500049527e-01 
-8.000000000e-02  1.586400101e-01 
-6.000000000e-02  1.586400101e-01 
-6.000000000e-02  1.684600097e-01 
-4.000000000e-02  1.684600097e-01 
-4.000000000e-02  1.792912206e-01 
-2.000000000e-02  1.792912206e-01 
-2.000000000e-02  1.909313791e-01 
 6.175615574e-16  1.909313791e-01 
 6.175615574e-16  1.842812170e-01 
 2.000000000e-02  1.842812170e-01 
 2.000000000e-02  1.618297078e-01 
 4.000000000e-02  1.618297078e-01 
 4.000000000e-02  1.434518814e-01 
 6.000000000e-02  1.434518814e-01 
 6.000000000e-02  1.284085954e-01 
 8.000000000e-02  1.284085954e-01 
 8.000000000e-02  1.160948193e-01 
 1.000000000e-01  1.160948193e-01 
 1.000000000e-01  1.060153012e-01 
 1.200000000e-01  1.060153012e-01 
 1.200000000e-01  9.776464903e-02 
 1.400000000e-01  9.776464903e-02 
 1.400000000e-01  9.101102632e-02 
 1.600000000e-01  9.101102632e-02 
 1.600000000e-01  8.548280592e-02 
 1.800000000e-01  8.548280592e-02 
 1.800000000e-01  8.095764550e-02 
 2.000000000e-01  8.095764550e-02 
 2.000000000e-01  7.725354518e-02 
 2.200000000e-01  7.725354518e-02 
 2.200000000e-01  7.422152758e-02 
 2.400000000e-01  7.422152758e-02 
 2.400000000e-01  7.173964618e-02 
 2.600000000e-01  7.173964618e-02 
 2.600000000e-01  6.970808070e-02 
 2.800000000e-01  6.970808070e-02 
 2.800000000e-01  6.804512244e-02 
 3.000000000e-01  6.804512244e-02 
 3.000000000e-01  6.668388804e-02 
 3.200000000e-01  6.668388804e-02 
 3.200000000e-01  6.556962959e-02 
 3.400000000e-01  6.556962959e-02 
 3.400000000e-01  6.465753268e-02 
 3.600000000e-01  6.465753268e-02 
 3.600000000e-01  6.391091415e-02 
 3.800000000e-01  6.391091415e-02 
 3.800000000e-01  6.329974679e-02 
 4.000000000e-01  6.329974679e-02 
 4.000000000e-01  6.279945176e-02 
 4.200000000e-01  6.279945176e-02 
 4.200000000e-01  6.238991016e-02 
 4.400000000e-01  6.238991016e-02 
 4.400000000e-01  6.205465398e-02 
 4.600000000e-01  6.205465398e-02 
 4.600000000e-01  6.178020382e-02 
 4.800000000e-01  6.178020382e-02 
 4.800000000e-01  6.155552676e-02 
 5.000000000e-01  6.155552676e-02 
 5.000000000e-01  6.137159253e-02 
 5.200000000e-01  6.137159253e-02 
 5.200000000e-01  6.122101020e-02 
 5.400000000e-01  6.122101020e-02 
 5.400000000e-01  6.109773062e-02 
 5.600000000e-01  6.109773062e-02 
 5.600000000e-01  6.099680283e-02 
 5.800000000e-01  6.099680283e-02 
 5.800000000e-01  6.091417453e-02 
 6.000000000e-01  6.091417453e-02 
 6.000000000e-01  6.084652881e-02 
 6.200000000e-01  6.084652881e-02 
 6.200000000e-01  6.079115043e-02 
 6.400000000e-01  6.079115043e-02 
 6.400000000e-01  6.074581649e-02 
 6.600000000e-01  6.074581649e-02 
 6.600000000e-01  6.070870692e-02 
 6.800000000e-01  6.070870692e-02 
 6.800000000e-01  6.067833136e-02 
 7.000000000e-01  6.067833136e-02 
 7.000000000e-01  6.065346934e-02 
 7.200000000e-01  6.065346934e-02 
 7.200000000e-01  6.063312135e-02 
 7.400000000e-01  6.063312135e-02 
 7.400000000e-01  6.061646883e-02 
 7.600000000e-01  6.061646883e-02 
 7.600000000e-01  6.060284144e-02 
 7.800000000e-01  6.060284144e-02 
 7.800000000e-01  6.059169026e-02 
 8.000000000e-01  6.059169026e-02 
 8.000000000e-01  6.058256580e-02 
 8.200000000e-01  6.058256580e-02 
 8.200000000e-01  6.057510004e-02 
 8.400000000e-01  6.057510004e-02 
 8.400000000e-01  6.056899169e-02 
 8.600000000e-01  6.056899169e-02 
 8.600000000e-01  6.056399413e-02 
 8.800000000e-01  6.056399413e-02 
 8.800000000e-01  6.055990550e-02 
 9.000000000e-01  6.055990550e-02 
 9.000000000e-01  6.055656055e-02 
 9.200000000e-01  6.055656055e-02 
 9.200000000e-01  6.055382409e-02 
 9.400000000e-01  6.055382409e-02 
 9.400000000e-01  6.055158546e-02 
 9.600000000e-01  6.055158546e-02 
 9.600000000e-01  6.054975412e-02 
 9.800000000e-01  6.054975412e-02 
 9.800000000e-01  6.054825599e-02 
 1.000000000e+00  6.054825599e-02 
