-1.000000000e+00  5.000000000e-01 
-9.800000000e-01  4.820000000e-01 
-9.600000000e-01  4.640000000e-01 
-9.400000000e-01  4.460000000e-01 
-9.200000000e-01  4.280000000e-01 
-9.000000000e-01  4.100000000e-01 
-8.800000000e-01  3.920000000e-01 
-8.600000000e-01  3.740000000e-01 
-8.400000000e-01  3.560000000e-01 
-8.200000000e-01  3.380000000e-01 
-8.000000000e-01  3.200000000e-01 
-7.800000000e-01  3.020000000e-01 
-7.600000000e-01  2.840000000e-01 
-7.400000000e-01  2.660000000e-01 
-7.200000000e-01  2.480000000e-01 
-7.000000000e-01  2.300000000e-01 
-6.800000000e-01  2.120000000e-01 
-6.600000000e-01  1.940000000e-01 
-6.400000000e-01  1.760000000e-01 
-6.200000000e-01  1.580000000e-01 
-6.000000000e-01  1.400000001e-01 
-5.800000000e-01  1.220000001e-01 
-5.600000000e-01  1.040000001e-01 
-5.400000000e-01  8.600000006e-02 
-5.200000000e-01  6.800000007e-02 
-5.000000000e-01  5.000000007e-02 
-4.800000000e-01  3.200000007e-02 
-4.600000000e-01  1.400000007e-02 
-4.400000000e-01 -3.999999922e-03 
-4.200000000e-01 -2.172546745e-02 
-4.000000000e-01 -3.901572618e-02 
-3.800000000e-01 -5.580261745e-02 
-3.600000000e-01 -7.201314794e-02 
-3.400000000e-01 -8.757130446e-02 
-3.200000000e-01 -1.024006109e-01 
-3.000000000e-01 -1.164273843e-01 
-2.800000000e-01 -1.295845172e-01 
-2.600000000e-01 -1.418154716e-01 
-2.400000000e-01 -1.530780506e-01 
-2.200000000e-01 -1.633474551e-01 
-2.000000000e-01 -1.726181809e-01 
-1.800000000e-01 -1.809044567e-01 
-1.600000000e-01 -1.882391520e-01 
-1.400000000e-01 -1.946713271e-01 
-1.200000000e-01 -2.002628015e-01 
-1.000000000e-01 -2.050842175e-01 
-8.000000000e-02 -2.092110800e-01 
-6.000000000e-02 -2.127201616e-01 
-4.000000000e-02 -2.156865297e-01 
-2.000000000e-02 -2.181813078e-01 
 6.175615574e-16 -2.202701705e-01 
 2.000000000e-02 -2.220124863e-01 
 4.000000000e-02 -2.234609879e-01 
 6.000000000e-02 -2.246618328e-01 
 8.000000000e-02 -2.256549315e-01 
 1.000000000e-01 -2.264744378e-01 
 1.200000000e-01 -2.271493190e-01 
 1.400000000e-01 -2.277039480e-01 
 1.600000000e-01 -2.281586761e-01 
 1.800000000e-01 -2.285303599e-01 
 2.000000000e-01 -2.288328272e-01 
 2.200000000e-01 -2.290772736e-01 
 2.400000000e-01 -2.292725830e-01 
 2.600000000e-01 -2.294255725e-01 
 2.800000000e-01 -2.295411549e-01 
 3.000000000e-01 -2.296224179e-01 
 3.200000000e-01 -2.296706117e-01 
 3.400000000e-01 -2.296850360e-01 
 3.600000000e-01 -2.296628139e-01 
 3.800000000e-01 -2.295985363e-01 
 4.000000000e-01 -2.294837572e-01 
 4.200000000e-01 -2.293063196e-01 
 4.400000000e-01 -2.290494942e-01 
 4.600000000e-01 -2.286909187e-01 
 4.800000000e-01 -2.282013450e-01 
 5.000000000e-01 -2.275432304e-01 
 5.200000000e-01 -2.266692595e-01 
 5.400000000e-01 -2.255209609e-01 
 5.600000000e-01 -2.240276789e-01 
 5.800000000e-01 -2.221062858e-01 
 6.000000000e-01 -2.196621340e-01 
 6.200000000e-01 -2.165918113e-01 
 6.400000000e-01 -2.127882085e-01 
 6.600000000e-01 -2.081481458e-01 
 6.800000000e-01 -2.025822920e-01 
 7.000000000e-01 -1.960264032e-01 
 7.200000000e-01 -1.884521873e-01 
 7.400000000e-01 -1.798756976e-01 
 7.600000000e-01 -1.703613475e-01 
 7.800000000e-01 -1.600204970e-01 
 8.000000000e-01 -1.490048152e-01 
 8.200000000e-01 -1.374957964e-01 
 8.400000000e-01 -1.256924383e-01 
 8.600000000e-01 -1.137990464e-01 
 8.800000000e-01 -1.020145762e-01 
 9.000000000e-01 -9.052420025e-02 
 9.200000000e-01 -7.949318966e-02 
 9.400000000e-01 -6.906282039e-02 
 9.600000000e-01 -5.934788774e-02 
 9.800000000e-01 -5.043545379e-02 
 1.000000000e+00 -4.238458580e-02 
