-1.000000000e+00 -2.777294997e-07 
-9.800000000e-01 -2.777294997e-07 
-9.600000000e-01 -2.777295010e-07 
-9.400000000e-01 -2.777295186e-07 
-9.200000000e-01 -2.777295545e-07 
-9.000000000e-01 -2.777296102e-07 
-8.800000000e-01 -2.777296872e-07 
-8.600000000e-01 -2.777297865e-07 
-8.400000000e-01 -2.777299088e-07 
-8.200000000e-01 -2.777300546e-07 
-8.000000000e-01 -2.777302242e-07 
-7.800000000e-01 -2.777304177e-07 
-7.600000000e-01 -2.777306350e-07 
-7.400000000e-01 -2.777308756e-07 
-7.200000000e-01 -2.777311390e-07 
-7.000000000e-01 -2.777314243e-07 
-6.800000000e-01 -2.777317305e-07 
-6.600000000e-01 -2.777320564e-07 
-6.400000000e-01 -2.777324002e-07 
-6.200000000e-01 -2.777327601e-07 
-6.000000000e-01 -2.777331339e-07 
-5.800000000e-01 -2.777335189e-07 
-5.600000000e-01 -2.777339122e-07 
-5.400000000e-01 -2.777343101e-07 
-5.200000000e-01 -2.777347087e-07 
-5.000000000e-01 -2.777351032e-07 
-4.800000000e-01 -2.777354882e-07 
-4.600000000e-01 -2.777358577e-07 
-4.400000000e-01 -2.777362044e-07 
-4.200000000e-01 -2.833053102e-07 
-4.000000000e-01 -2.892110389e-07 
-3.800000000e-01 -2.965284570e-07 
-3.600000000e-01 -3.062384745e-07 
-3.400000000e-01 -3.193448914e-07 
-3.200000000e-01 -3.369299325e-07 
-3.000000000e-01 -3.601712331e-07 
-2.800000000e-01 -3.903262044e-07 
-2.600000000e-01 -4.286885581e-07 
-2.400000000e-01 -4.765214808e-07 
-2.200000000e-01 -5.349725826e-07 
-2.000000000e-01 -6.049762420e-07 
-1.800000000e-01 -6.871493395e-07 
-1.600000000e-01 -7.816878827e-07 
-1.400000000e-01 -8.882755492e-07 
-1.200000000e-01 -1.006019058e-06 
-1.000000000e-01 -1.133425955e-06 
-8.000000000e-02 -1.268435790e-06 
-6.000000000e-02 -1.408507261e-06 
-4.000000000e-02 -1.550754844e-06 
-2.000000000e-02 -1.692121245e-06 
 6.175615574e-16 -1.829566746e-06 
 2.000000000e-02 -1.950933932e-06 
 4.000000000e-02 -2.050330964e-06 
 6.000000000e-02 -2.131734937e-06 
 8.000000000e-02 -2.198402999e-06 
 1.000000000e-01 -2.253002679e-06 
 1.200000000e-01 -2.297718625e-06 
 1.400000000e-01 -2.334340014e-06 
 1.600000000e-01 -2.364332142e-06 
 1.800000000e-01 -2.388895055e-06 
 2.000000000e-01 -2.409011565e-06 
 2.200000000e-01 -2.425486572e-06 
 2.400000000e-01 -2.438979273e-06 
 2.600000000e-01 -2.450029538e-06 
 2.800000000e-01 -2.459079507e-06 
 3.000000000e-01 -2.466491286e-06 
 3.200000000e-01 -2.472561431e-06 
 3.400000000e-01 -2.477532816e-06 
 3.600000000e-01 -2.481604351e-06 
 3.800000000e-01 -2.484938938e-06 
 4.000000000e-01 -2.487669991e-06 
 4.200000000e-01 -2.489906772e-06 
 4.400000000e-01 -2.491738762e-06 
 4.600000000e-01 -2.493239243e-06 
 4.800000000e-01 -2.494468225e-06 
 5.000000000e-01 -2.495474855e-06 
 5.200000000e-01 -2.496299376e-06 
 5.400000000e-01 -2.496974744e-06 
 5.600000000e-01 -2.497527946e-06 
 5.800000000e-01 -2.497981080e-06 
 6.000000000e-01 -2.498352244e-06 
 6.200000000e-01 -2.498656259e-06 
 6.400000000e-01 -2.498905264e-06 
 6.600000000e-01 -2.499109205e-06 
 6.800000000e-01 -2.499276228e-06 
 7.000000000e-01 -2.499413008e-06 
 7.200000000e-01 -2.499525014e-06 
 7.400000000e-01 -2.499616726e-06 
 7.600000000e-01 -2.499691817e-06 
 7.800000000e-01 -2.499753296e-06 
 8.000000000e-01 -2.499803627e-06 
 8.200000000e-01 -2.499844828e-06 
 8.400000000e-01 -2.499878556e-06 
 8.600000000e-01 -2.499906163e-06 
 8.800000000e-01 -2.499928759e-06 
 9.000000000e-01 -2.499947254e-06 
 9.200000000e-01 -2.499962390e-06 
 9.400000000e-01 -2.499974778e-06 
 9.600000000e-01 -2.499984916e-06 
 9.800000000e-01 -2.499993212e-06 
 1.000000000e+00 -2.500000000e-06 
