-1.000000000e+00  5.000000000e-01 
-9.800000000e-01  4.820052671e-01 
-9.600000000e-01  4.640105343e-01 
-9.400000000e-01  4.460158016e-01 
-9.200000000e-01  4.280210691e-01 
-9.000000000e-01  4.100263371e-01 
-8.800000000e-01  3.920316056e-01 
-8.600000000e-01  3.740368748e-01 
-8.400000000e-01  3.560421449e-01 
-8.200000000e-01  3.380474160e-01 
-8.000000000e-01  3.200526884e-01 
-7.800000000e-01  3.020579622e-01 
-7.600000000e-01  2.840632375e-01 
-7.400000000e-01  2.660685146e-01 
-7.200000000e-01  2.480737936e-01 
-7.000000000e-01  2.300790746e-01 
-6.800000000e-01  2.120843579e-01 
-6.600000000e-01  1.940896435e-01 
-6.400000000e-01  1.760949316e-01 
-6.200000000e-01  1.581002223e-01 
-6.000000000e-01  1.401055157e-01 
-5.800000000e-01  1.221108118e-01 
-5.600000000e-01  1.041161108e-01 
-5.400000000e-01  8.612141270e-02 
-5.200000000e-01  6.812671746e-02 
-5.000000000e-01  5.013202506e-02 
-4.800000000e-01  3.213733545e-02 
-4.600000000e-01  1.414264850e-02 
-4.400000000e-01 -3.852035946e-03 
-4.200000000e-01 -2.155220098e-02 
-4.000000000e-01 -3.875778878e-02 
-3.800000000e-01 -5.537203271e-02 
-3.600000000e-01 -7.127260913e-02 
-3.400000000e-01 -8.630601831e-02 
-3.200000000e-01 -1.002819022e-01 
-3.000000000e-01 -1.129694680e-01 
-2.800000000e-01 -1.240996158e-01 
-2.600000000e-01 -1.333775131e-01 
-2.400000000e-01 -1.405098242e-01 
-2.200000000e-01 -1.452469956e-01 
-2.000000000e-01 -1.474336562e-01 
-1.800000000e-01 -1.470523770e-01 
-1.600000000e-01 -1.442438041e-01 
-1.400000000e-01 -1.392936300e-01 
-1.200000000e-01 -1.325907250e-01 
-1.000000000e-01 -1.245718587e-01 
-8.000000000e-02 -1.156701780e-01 
-6.000000000e-02 -1.062782872e-01 
-4.000000000e-02 -9.672843618e-02 
-2.000000000e-02 -8.728670285e-02 
 6.175615574e-16 -7.815615601e-02 
 2.000000000e-02 -9.809026665e-02 
 4.000000000e-02 -1.180051540e-01 
 6.000000000e-02 -1.378966049e-01 
 8.000000000e-02 -1.577594969e-01 
 1.000000000e-01 -1.775876088e-01 
 1.200000000e-01 -1.973733940e-01 
 1.400000000e-01 -2.171077133e-01 
 1.600000000e-01 -2.367795194e-01 
 1.800000000e-01 -2.563754901e-01 
 2.000000000e-01 -2.758796053e-01 
 2.200000000e-01 -2.952726671e-01 
 2.400000000e-01 -3.145317657e-01 
 2.600000000e-01 -3.336297019e-01 
 2.800000000e-01 -3.525343826e-01 
 3.000000000e-01 -3.712082244e-01 
 3.200000000e-01 -3.896076130e-01 
 3.400000000e-01 -4.076824897e-01 
 3.600000000e-01 -4.253761589e-01 
 3.800000000e-01 -4.426254331e-01 
 4.000000000e-01 -4.593612462e-01 
 4.200000000e-01 -4.755098671e-01 
 4.400000000e-01 -4.909948177e-01 
 4.600000000e-01 -5.057395387e-01 
 4.800000000e-01 -5.196707444e-01 
 5.000000000e-01 -5.327222736e-01 
 5.200000000e-01 -5.448391034e-01 
 5.400000000e-01 -5.559810735e-01 
 5.600000000e-01 -5.661258280e-01 
 5.800000000e-01 -5.752705386e-01 
 6.000000000e-01 -5.834321347e-01 
 6.200000000e-01 -5.906460034e-01 
 6.400000000e-01 -5.969633651e-01 
 6.600000000e-01 -6.024477230e-01 
 6.800000000e-01 -6.071708753e-01 
 7.000000000e-01 -6.112089642e-01 
 7.200000000e-01 -6.146389398e-01 
 7.400000000e-01 -6.175356726e-01 
 7.600000000e-01 -6.199698142e-01 
 7.800000000e-01 -6.220063852e-01 
 8.000000000e-01 -6.237040032e-01 
 8.200000000e-01 -6.251146195e-01 
 8.400000000e-01 -6.262836329e-01 
 8.600000000e-01 -6.272502555e-01 
 8.800000000e-01 -6.280480307e-01 
 9.000000000e-01 -6.287054254e-01 
 9.200000000e-01 -6.292464400e-01 
 9.400000000e-01 -6.296911996e-01 
 9.600000000e-01 -6.300565054e-01 
 9.800000000e-01 -6.303563317e-01 
 1.000000000e+00 -6.306022672e-01 
