-1.000000000e+00 -2.770000002e-07 
-9.800000000e-01 -2.770000002e-07 
-9.600000000e-01 -2.770000002e-07 
-9.400000000e-01 -2.770000002e-07 
-9.200000000e-01 -2.770000003e-07 
-9.000000000e-01 -2.770000003e-07 
-8.800000000e-01 -2.770000003e-07 
-8.600000000e-01 -2.770000003e-07 
-8.400000000e-01 -2.770000004e-07 
-8.200000000e-01 -2.770000004e-07 
-8.000000000e-01 -2.770000004e-07 
-7.800000000e-01 -2.770000004e-07 
-7.600000000e-01 -2.770000004e-07 
-7.400000000e-01 -2.770000004e-07 
-7.200000000e-01 -2.770000004e-07 
-7.000000000e-01 -2.770000004e-07 
-6.800000000e-01 -2.770000004e-07 
-6.600000000e-01 -2.770000004e-07 
-6.400000000e-01 -2.770000004e-07 
-6.200000000e-01 -2.770000004e-07 
-6.000000000e-01 -2.770000004e-07 
-5.800000000e-01 -2.770000004e-07 
-5.600000000e-01 -2.770000004e-07 
-5.400000000e-01 -2.770000004e-07 
-5.200000000e-01 -2.770000004e-07 
-5.000000000e-01 -2.770000004e-07 
-4.800000000e-01 -2.770000004e-07 
-4.600000000e-01 -2.770000004e-07 
-4.400000000e-01 -2.770000004e-07 
-4.200000000e-01 -2.770000024e-07 
-4.000000000e-01 -2.770000044e-07 
-3.800000000e-01 -2.770000069e-07 
-3.600000000e-01 -2.770000102e-07 
-3.400000000e-01 -2.770000148e-07 
-3.200000000e-01 -2.770000213e-07 
-3.000000000e-01 -2.770000305e-07 
-2.800000000e-01 -2.770000436e-07 
-2.600000000e-01 -2.770000622e-07 
-2.400000000e-01 -2.770000888e-07 
-2.200000000e-01 -2.770001264e-07 
-2.000000000e-01 -2.770001800e-07 
-1.800000000e-01 -2.770002560e-07 
-1.600000000e-01 -2.770003637e-07 
-1.400000000e-01 -2.770005164e-07 
-1.200000000e-01 -2.770007326e-07 
-1.000000000e-01 -2.770010383e-07 
-8.000000000e-02 -2.770014701e-07 
-6.000000000e-02 -2.770020797e-07 
-4.000000000e-02 -2.770029392e-07 
-2.000000000e-02 -2.770041496e-07 
 6.175615574e-16 -2.770058524e-07 
 2.000000000e-02 -2.770082450e-07 
 4.000000000e-02 -2.770116025e-07 
 6.000000000e-02 -2.770163078e-07 
 8.000000000e-02 -2.770228929e-07 
 1.000000000e-01 -2.770320950e-07 
 1.200000000e-01 -2.770449346e-07 
 1.400000000e-01 -2.770628203e-07 
 1.600000000e-01 -2.770876929e-07 
 1.800000000e-01 -2.771222191e-07 
 2.000000000e-01 -2.771700548e-07 
 2.200000000e-01 -2.772361972e-07 
 2.400000000e-01 -2.773274579e-07 
 2.600000000e-01 -2.774530926e-07 
 2.800000000e-01 -2.776256363e-07 
 3.000000000e-01 -2.778620048e-07 
 3.200000000e-01 -2.781849387e-07 
 3.400000000e-01 -2.786248834e-07 
 3.600000000e-01 -2.792224187e-07 
 3.800000000e-01 -2.800313742e-07 
 4.000000000e-01 -2.811227848e-07 
 4.200000000e-01 -2.825898627e-07 
 4.400000000e-01 -2.845541713e-07 
 4.600000000e-01 -2.871731868e-07 
 4.800000000e-01 -2.906494108e-07 
 5.000000000e-01 -2.952411396e-07 
 5.200000000e-01 -3.012748966e-07 
 5.400000000e-01 -3.091593622e-07 
 5.600000000e-01 -3.194003839e-07 
 5.800000000e-01 -3.326162931e-07 
 6.000000000e-01 -3.495522764e-07 
 6.200000000e-01 -3.710919533e-07 
 6.400000000e-01 -3.982636001e-07 
 6.600000000e-01 -4.322376842e-07 
 6.800000000e-01 -4.743116010e-07 
 7.000000000e-01 -5.258768715e-07 
 7.200000000e-01 -5.883637653e-07 
 7.400000000e-01 -6.631586885e-07 
 7.600000000e-01 -7.514911899e-07 
 7.800000000e-01 -8.542905882e-07 
 8.000000000e-01 -9.720172904e-07 
 8.200000000e-01 -1.104480843e-06 
 8.400000000e-01 -1.250665350e-06 
 8.600000000e-01 -1.408591949e-06 
 8.800000000e-01 -1.575254407e-06 
 9.000000000e-01 -1.746663697e-06 
 9.200000000e-01 -1.918027582e-06 
 9.400000000e-01 -2.084072117e-06 
 9.600000000e-01 -2.239483969e-06 
 9.800000000e-01 -2.379419641e-06 
 1.000000000e+00 -2.499999938e-06 
