-1.000000000e+00  3.600000143e-01 
-9.800000000e-01  3.600000143e-01 
-9.800000000e-01  3.600000143e-01 
-9.600000000e-01  3.600000143e-01 
-9.600000000e-01  3.600000143e-01 
-9.400000000e-01  3.600000143e-01 
-9.400000000e-01  3.600000143e-01 
-9.200000000e-01  3.600000143e-01 
-9.200000000e-01  3.600000143e-01 
-9.000000000e-01  3.600000143e-01 
-9.000000000e-01  3.600000143e-01 
-8.800000000e-01  3.600000143e-01 
-8.800000000e-01  3.600000143e-01 
-8.600000000e-01  3.600000143e-01 
-8.600000000e-01  3.600000143e-01 
-8.400000000e-01  3.600000143e-01 
-8.400000000e-01  3.600000143e-01 
-8.200000000e-01  3.600000143e-01 
-8.200000000e-01  3.600000143e-01 
-8.000000000e-01  3.600000143e-01 
-8.000000000e-01  3.600000143e-01 
-7.800000000e-01  3.600000143e-01 
-7.800000000e-01  3.600000143e-01 
-7.600000000e-01  3.600000143e-01 
-7.600000000e-01  3.600000143e-01 
-7.400000000e-01  3.600000143e-01 
-7.400000000e-01  3.600000143e-01 
-7.200000000e-01  3.600000143e-01 
-7.200000000e-01  3.600000143e-01 
-7.000000000e-01  3.600000143e-01 
-7.000000000e-01  3.600000143e-01 
-6.800000000e-01  3.600000143e-01 
-6.800000000e-01  3.600000143e-01 
-6.600000000e-01  3.600000143e-01 
-6.600000000e-01  3.600000143e-01 
-6.400000000e-01  3.600000143e-01 
-6.400000000e-01  3.600000143e-01 
-6.200000000e-01  3.600000143e-01 
-6.200000000e-01  3.600000143e-01 
-6.000000000e-01  3.600000143e-01 
-6.000000000e-01  3.600000143e-01 
-5.800000000e-01  3.600000143e-01 
-5.800000000e-01  3.600000143e-01 
-5.600000000e-01  3.600000143e-01 
-5.600000000e-01  3.600000143e-01 
-5.400000000e-01  3.600000143e-01 
-5.400000000e-01  3.600000143e-01 
-5.200000000e-01  3.600000143e-01 
-5.200000000e-01  3.600000143e-01 
-5.000000000e-01  3.600000143e-01 
-5.000000000e-01  3.600000143e-01 
-4.800000000e-01  3.600000143e-01 
-4.800000000e-01  3.600000143e-01 
-4.600000000e-01  3.600000143e-01 
-4.600000000e-01  3.600000143e-01 
-4.400000000e-01  3.600000143e-01 
-4.400000000e-01  3.237904887e-01 
-4.200000000e-01  3.237904887e-01 
-4.200000000e-01  2.814233661e-01 
-4.000000000e-01  2.814233661e-01 
-4.000000000e-01  2.467350564e-01 
-3.800000000e-01  2.467350564e-01 
-3.800000000e-01  2.183335195e-01 
-3.600000000e-01  2.183335195e-01 
-3.600000000e-01  1.950790625e-01 
-3.400000000e-01  1.950790625e-01 
-3.400000000e-01  1.760386051e-01 
-3.200000000e-01  1.760386051e-01 
-3.200000000e-01  1.604482367e-01 
-3.000000000e-01  1.604482367e-01 
-3.000000000e-01  1.476825586e-01 
-2.800000000e-01  1.476825586e-01 
-2.800000000e-01  1.372295816e-01 
-2.600000000e-01  1.372295816e-01 
-2.600000000e-01  1.286701698e-01 
-2.400000000e-01  1.286701698e-01 
-2.400000000e-01  1.216612056e-01 
-2.200000000e-01  1.216612056e-01 
-2.200000000e-01  1.159218019e-01 
-2.000000000e-01  1.159218019e-01 
-2.000000000e-01  1.112220094e-01 
-1.800000000e-01  1.112220094e-01 
-1.800000000e-01  1.073735687e-01 
-1.600000000e-01  1.073735687e-01 
-1.600000000e-01  1.042223402e-01 
-1.400000000e-01  1.042223402e-01 
-1.400000000e-01  1.016421070e-01 
-1.200000000e-01  1.016421070e-01 
-1.200000000e-01  9.952950614e-02 
-1.000000000e-01  9.952950614e-02 
-1.000000000e-01  9.779988209e-02 
-8.000000000e-02  9.779988209e-02 
-8.000000000e-02  9.638389572e-02 
-6.000000000e-02  9.638389572e-02 
-6.000000000e-02  9.522475097e-02 
-4.000000000e-02  9.522475097e-02 
-4.000000000e-02  9.427592581e-02 
-2.000000000e-02  9.427592581e-02 
-2.000000000e-02  9.349931542e-02 
 6.175615574e-16  9.349931542e-02 
 6.175615574e-16  9.286371201e-02 
 2.000000000e-02  9.286371201e-02 
 2.000000000e-02  9.234355996e-02 
 4.000000000e-02  9.234355996e-02 
 4.000000000e-02  9.191793622e-02 
 6.000000000e-02  9.191793622e-02 
 6.000000000e-02  9.156971536e-02 
 8.000000000e-02  9.156971536e-02 
 8.000000000e-02  9.128488602e-02 
 1.000000000e-01  9.128488602e-02 
 1.000000000e-01  9.105199176e-02 
 1.200000000e-01  9.105199176e-02 
 1.200000000e-01  9.086167436e-02 
 1.400000000e-01  9.086167436e-02 
 1.400000000e-01  9.070630169e-02 
 1.600000000e-01  9.070630169e-02 
 1.600000000e-01  9.057966560e-02 
 1.800000000e-01  9.057966560e-02 
 1.800000000e-01  9.047673830e-02 
 2.000000000e-01  9.047673830e-02 
 2.000000000e-01  9.039347814e-02 
 2.200000000e-01  9.039347814e-02 
 2.200000000e-01  9.032667741e-02 
 2.400000000e-01  9.032667741e-02 
 2.400000000e-01  9.027384729e-02 
 2.600000000e-01  9.027384729e-02 
 2.600000000e-01  9.023313608e-02 
 2.800000000e-01  9.023313608e-02 
 2.800000000e-01  9.020327892e-02 
 3.000000000e-01  9.020327892e-02 
 3.000000000e-01  9.018357861e-02 
 3.200000000e-01  9.018357861e-02 
 3.200000000e-01  9.017391850e-02 
 3.400000000e-01  9.017391850e-02 
 3.400000000e-01  9.017481054e-02 
 3.600000000e-01  9.017481054e-02 
 3.600000000e-01  9.018748274e-02 
 3.800000000e-01  9.018748274e-02 
 3.800000000e-01  9.021401264e-02 
 4.000000000e-01  9.021401264e-02 
 4.000000000e-01  9.025751484e-02 
 4.200000000e-01  9.025751484e-02 
 4.200000000e-01  9.032239296e-02 
 4.400000000e-01  9.032239296e-02 
 4.400000000e-01  9.041466778e-02 
 4.600000000e-01  9.041466778e-02 
 4.600000000e-01  9.054239504e-02 
 4.800000000e-01  9.054239504e-02 
 4.800000000e-01  9.071618673e-02 
 5.000000000e-01  9.071618673e-02 
 5.000000000e-01  9.094984942e-02 
 5.200000000e-01  9.094984942e-02 
 5.200000000e-01  9.126115036e-02 
 5.400000000e-01  9.126115036e-02 
 5.400000000e-01  9.167271680e-02 
 5.600000000e-01  9.167271680e-02 
 5.600000000e-01  9.221306483e-02 
 5.800000000e-01  9.221306483e-02 
 5.800000000e-01  9.291773918e-02 
 6.000000000e-01  9.291773918e-02 
 6.000000000e-01  9.383052476e-02 
 6.200000000e-01  9.383052476e-02 
 6.200000000e-01  9.500466202e-02 
 6.400000000e-01  9.500466202e-02 
 6.400000000e-01  9.650396050e-02 
 6.600000000e-01  9.650396050e-02 
 6.600000000e-01  9.840365885e-02 
 6.800000000e-01  9.840365885e-02 
 6.800000000e-01  1.007908250e-01 
 7.000000000e-01  1.007908250e-01 
 7.000000000e-01  1.037640306e-01 
 7.200000000e-01  1.037640306e-01 
 7.200000000e-01  1.074319810e-01 
 7.400000000e-01  1.074319810e-01 
 7.400000000e-01  1.119107425e-01 
 7.600000000e-01  1.119107425e-01 
 7.600000000e-01  1.173192202e-01 
 7.800000000e-01  1.173192202e-01 
 7.800000000e-01  1.237726074e-01 
 8.000000000e-01  1.237726074e-01 
 8.000000000e-01  1.313736980e-01 
 8.200000000e-01  1.313736980e-01 
 8.200000000e-01  1.402022260e-01 
 8.400000000e-01  1.402022260e-01 
 8.400000000e-01  1.503027855e-01 
 8.600000000e-01  1.503027855e-01 
 8.600000000e-01  1.616723643e-01 
 8.800000000e-01  1.616723643e-01 
 8.800000000e-01  1.742490228e-01 
 9.000000000e-01  1.742490228e-01 
 9.000000000e-01  1.879036398e-01 
 9.200000000e-01  1.879036398e-01 
 9.200000000e-01  2.024367775e-01 
 9.400000000e-01  2.024367775e-01 
 9.400000000e-01  2.175824456e-01 
 9.600000000e-01  2.175824456e-01 
 9.600000000e-01  2.330197781e-01 
 9.800000000e-01  2.330197781e-01 
 9.800000000e-01  2.483923959e-01 
 1.000000000e+00  2.483923959e-01 
